0.75195
0.743365
0.951008
1
0.811606
1
0.881379
0.903797
0.491258
0.805215
1
0.847872
0.747972
0.84952
0.965523
0.863069
0.932952
1
0.750673
0.974437
0.491258
0.99439
0.491258
1
1
1
0.491258
1
1
0.84036
0.802494
1
0.830667
0.870078
0.731582
1
1
1
0.760469
0.491258
0.715094
0.964998
1
1
0.883148
1
1
1
0.768408
0.848684
0.934018
0.968816
1
0.922276
0.915635
1
1
1
1
1
1
0.491258
1
1
1
1
1
0.712298
0.99226
0.855441
1
1
1
1
1
0.783958
0.758803
1
0.91091
0.821523
0.924389
0.922805
0.869697
0.740277
0.924051
1
1
0.762692
0.882214
1
1
1
1
0.907743
1
0.921243
1
0.964582
0.491258
0.932827
0.96092
0.887192
1
1
0.707235
1
0.840286
1
1
0.491258
1
0.885798
0.73862
0.972838
1
1
0.850387
1
0.997222
1
1
1
1
0.491258
1
1
1
1
1
0.961696
0.818064
1
0.722028
1
1
0.787841
1
0.959259
1
1
0.953366
0.491258
0.747153
0.917043
1
1
1
1
1
1
1
1
1
1
0.767775
1
1
0.880529
1
0.945254
0.491258
0.730852
0.958751
1
1
1
1
0.764254
0.89008
1
0.720035
0.491258
1
1
0.803387
0.931105
0.491258
0.912295
0.775227
0.969219
0.787046
0.985862
1
0.778574
1
1
0.994634
1
0.82823
1
1
1
0.988919
0.491258
0.724091
1
0.718719
0.742644
0.886588
1
0.928732
0.989344
1
0.884983
0.958882
0.88391
0.883053
0.491258
0.996805
1
0.918067
0.808719
0.926846
0.706433
0.780397
0.491258
0.845339
1
1
1
1
1
0.794684
0.751696
0.998287
1
0.968094
0.979099
0.933509
0.908331
0.491258
0.93401
0.874092
1
1
1
0.982342
0.863807
1
1
0.962911
0.994393
1
1
1
0.893967
1
0.935073
1
0.491258
1
0.859536
1
0.491258
1
1
1
0.990186
1
1
1
1
1
0.907152
1
1
1
0.491258
1
1
0.970879
0.755135
0.996119
1
0.491258
0.743934
1
1
1
0.786522
0.491258
0.960727
0.491258
1
1
1
1
1
0.491258
1
0.892091
0.491258
1
0.742142
0.491258
0.964293
1
0.976726
0.820775
0.854658
0.758518
0.822302
1
1
0.961183
0.879732
0.820893
1
1
0.998999
1
1
1
0.737867
1
0.814413
0.719273
1
1
0.791891
0.85028
1
1
0.75375
0.984767
1
1
0.80013
1
0.981163
0.775176
0.799714
1
1
1
1
1
1
0.795773
0.717354
0.836825
1
0.975636
0.705735
0.78669
0.937652
1
0.976845
0.903337
1
1
1
1
1
1
1
1
0.885521
0.772267
0.83763
0.790356
0.970895
1
0.774425
1
1
0.814363
1
1
1
1
0.904515
0.905827
1
1
1
0.928738
0.941718
1
1
0.776556
1
0.860081
1
0.88267
1
0.884834
0.830615
0.915737
1
0.730372
1
1
1
1
0.892276
0.491258
1
0.783798
1
0.837267
0.715045
0.973572
1
1
0.940566
1
0.993519
0.704169
1
1
0.911571
1
0.764085
1
1
0.491258
1
0.932522
0.491258
1
0.845536
1
0.714499
1
1
1
1
1
0.977199
1
1
1
0.491258
1
0.740239
0.873145
0.899115
1
1
0.491258
1
1
0.970932
0.984724
0.491258
0.794399
1
1
0.698189
0.941994
0.908369
1
1
1
0.827704
1
1
1
1
1
0.823342
0.963926
0.875715
1
0.765217
0.769398
0.990863
1
1
1
1
1
0.491258
0.844526
0.962988
1
0.875942
0.867909
1
0.946396
0.800112
0.491258
1
0.722188
1
1
1
1
0.770877
0.877507
1
1
1
1
0.491258
0.790644
0.739758
0.993786
1
0.932163
0.89991
1
1
1
0.998782
0.761624
1
0.810219
1
0.936321
1
1
1
0.491258
0.712957
1
1
0.709776
0.99791
1
0.842444
1
1
0.491258
0.755322
1
0.491258
0.957704
1
1
0.842446
0.786263
0.749514
1
0.944555
0.913805
0.71244
0.491258
0.823682
1
0.81367
1
0.771106
0.759625
0.895867
0.817057
1
0.868219
1
1
0.979672
1
0.96295
0.796862
1
0.491258
0.887174
0.701488
0.950413
1
1
1
1
1
0.919187
0.978097
0.984851
1
1
1
1
0.956762
0.972446
0.704776
1
1
1
0.858171
1
0.491258
1
0.904168
0.738827
1
1
0.711529
0.491258
1
1
0.849884
1
1
1
0.817237
0.997787
0.846425
0.767673
0.867251
0.831901
1
1
1
1
0.708282
0.907716
1
0.913931
0.799715
1
0.491258
0.810955
0.827578
1
0.870372
1
0.803714
0.916906
1
1
0.929953
1
0.959858
0.728662
0.714351
1
0.809464
1
0.788102
0.491258
1
1
0.920468
0.974104
0.741686
0.986277
1
0.491258
0.79672
1
1
1
1
1
0.757198
1
0.869963
1
1
1
0.969732
1
0.491258
1
0.491258
1
0.95836
0.896069
1
1
1
1
0.929401
0.882729
0.760999
0.936265
0.94688
0.846795
1
1
1
1
1
0.871901
0.835386
1
0.733072
1
0.491258
1
0.921105
0.978339
1
0.491258
0.491258
0.491258
0.911979
0.999979
0.972052
1
0.762074
0.977025
0.98658
1
1
1
1
1
1
1
1
0.491258
1
0.911568
1
1
0.950377
1
0.693776
0.828433
1
0.8869
0.824977
1
1
0.779918
1
1
1
0.893363
0.491258
0.491258
1
0.859685
1
0.704175
1
0.817123
1
1
1
0.957959
0.713404
0.772672
1
0.725354
0.491258
0.835389
1
0.944224
0.9657
1
0.872306
0.694213
0.808064
0.820452
0.917864
1
1
0.943324
0.936957
1
0.770023
1
0.870023
0.881444
1
1
0.959464
0.792762
0.988708
1
1
0.822526
0.988589
1
1
0.884013
0.975903
1
1
1
0.771198
0.925357
1
1
0.976186
0.874651
1
1
0.694764
0.919725
1
1
1
0.76369
0.947117
1
1
1
1
0.854423
1
0.733183
0.849156
0.73151
0.779959
0.942896
0.956313
1
1
1
1
0.974813
1
0.869822
0.806943
1
0.99298
1
0.873103
0.852181
0.994086
1
0.785689
1
0.870582
1
0.785302
0.999394
0.853726
0.966117
0.868003
1
1
1
0.916091
1
0.921446
1
0.940852
1
1
1
1
0.769929
1
0.732286
1
1
1
1
1
0.793325
0.491258
0.961366
0.843132
0.85717
1
0.727922
0.789384
0.76401
1
0.491258
0.491258
0.491258
1
0.491258
0.491258
0.491258
1
0.491258
1
1
0.997832
1
1
1
0.890286
1
0.983369
0.808337
1
0.919513
1
0.750723
1
0.491258
1
1
0.945221
0.870194
1
1
0.491258
0.801622
1
0.971953
0.824265
1
1
1
0.789137
0.491258
0.947376
1
1
1
1
0.7358
0.825821
0.992998
1
0.491258
0.830425
0.976345
1
0.991569
0.891418
1
0.806388
1
0.929466
0.8999
0.829303
0.988117
0.939772
1
1
1
1
0.935395
0.948704
1
1
0.491258
1
1
1
1
0.897301
1
1
1
1
1
0.491258
1
1
1
1
0.857838
0.91224
0.890143
0.984252
0.958455
0.849783
0.491258
0.850089
0.701126
0.949991
1
0.867582
1
1
0.959099
1
0.909182
0.954246
1
1
1
0.491258
0.91632
1
0.913637
1
0.905737
0.938366
0.984359
0.852287
0.853157
1
0.94496
1
0.769358
0.822391
0.921516
1
1
0.735147
0.736434
1
1
0.491258
1
0.491258
1
1
1
1
0.823136
0.94856
1
1
0.711263
1
0.881223
0.491258
0.75634
1
0.792147
1
1
0.712962
0.949063
0.882136
1
0.805687
0.996979
1
1
1
0.821027
1
1
0.898697
1
1
1
1
1
1
0.728677
1
1
0.954578
1
0.964531
1
1
0.721763
0.857603
1
0.970211
1
0.938811
0.990139
0.901773
0.694618
0.491258
1
1
1
0.715569
1
0.848706
1
1
1
1
1
1
0.491258
1
0.992147
0.788868
0.871202
1
0.712286
0.491258
0.968971
1
0.944357
0.844283
0.800163
0.9845
1
1
0.921098
0.955448
0.770171
0.491258
0.855627
1
1
0.812246
1
1
1
0.947526
1
0.956712
0.491258
0.913979
0.75778
0.491258
0.491258
0.8679
1
0.9119
1
0.847736
1
1
1
0.491258
0.922468
0.491258
1
0.90718
0.909087
1
1
0.881216
0.90439
0.883963
0.949788
1
0.706023
1
0.914673
0.491258
0.789139
0.693617
1
1
1
1
0.821423
0.491258
0.952952
0.815026
1
1
0.863261
1
1
0.918426
1
0.491258
1
0.805169
0.491258
1
1
0.713749
1
1
1
1
0.810155
0.964435
1
0.926484
1
1
0.491258
1
0.777988
1
1
1
0.913715
0.889014
1
1
1
1
0.980627
0.901474
1
1
1
0.491258
0.93103
1
0.73624
1
1
1
1
0.862258
1
1
1
1
0.944929
0.998255
1
0.491258
1
0.491258
1
1
1
1
0.491258
1
0.723967
0.83798
0.86909
0.978784
1
0.90061
0.85079
1
0.69527
0.951518
0.935093
0.730711
1
1
0.876545
0.491258
0.775056
0.491258
0.988953
0.736066
1
1
0.888613
0.806645
0.741874
0.841242
0.786367
1
1
1
0.855917
0.944978
1
0.958267
0.491258
0.859567
0.491258
1
1
0.951301
0.87508
0.808844
1
1
0.828139
1
0.970658
1
1
0.491258
1
1
0.746331
1
1
0.919056
0.849203
1
0.902833
0.81919
1
0.87861
1
1
0.997521
1
0.87531
1
0.782857
1
0.844954
0.881151
1
0.898704
1
1
0.491258
1
0.491258
1
1
1
0.491258
1
1
1
0.915399
0.849346
0.930612
1
1
1
1
0.904299
0.859265
0.776698
1
0.694701
1
1
1
1
1
0.871776
1
0.896036
0.92645
0.491258
0.926957
0.845342
1
0.491258
1
1
1
1
1
1
0.789068
0.491258
1
1
0.936641
0.491258
1
0.906722
0.491258
1
1
0.863899
0.798665
1
0.491258
0.789009
0.948701
0.902668
1
1
1
1
1
1
0.833845
0.934409
0.95424
1
1
1
1
0.697126
1
0.491258
1
0.491258
0.774689
1
0.491258
1
1
1
0.996245
0.885423
1
1
0.491258
0.491258
0.766328
0.918975
1
0.783337
1
1
0.722091
0.933452
1
0.711337
1
1
0.796856
1
0.491258
1
1
0.925123
0.776084
1
0.742898
1
1
1
1
0.960927
1
1
1
1
0.491258
0.803166
0.491258
0.736788
0.491258
1
1
1
1
1
0.491258
1
0.491258
1
0.992882
0.718116
0.958126
0.491258
1
1
1
0.864954
0.95473
1
1
1
1
0.833699
1
0.939075
1
1
1
0.847863
1
1
1
1
1
0.957276
1
1
0.74246
0.491258
0.491258
1
1
1
1
1
1
1
1
0.491258
0.863372
1
1
0.807632
0.813234
0.749957
1
0.7961
0.865588
1
1
1
1
1
0.491258
0.491258
1
0.910607
0.798438
1
0.877452
1
1
0.849028
1
0.864851
1
1
1
1
1
1
0.770139
0.797737
1
0.82361
1
0.930334
0.491258
0.964885
0.980412
1
0.784981
0.85978
1
0.929146
0.491258
0.741876
1
0.939393
1
1
1
1
1
1
1
0.851375
1
0.910479
0.989159
0.854184
1
1
0.712641
1
1
0.896388
0.491258
1
0.885051
0.805973
1
0.927523
0.951243
0.800116
1
1
0.73371
0.877935
0.851668
1
0.937422
1
1
1
0.754909
1
1
0.949028
1
1
0.897175
1
1
1
1
1
0.931083
0.491258
1
1
0.781758
0.925869
0.491258
0.853316
0.977149
1
1
1
1
0.491258
1
0.491258
1
0.89712
1
0.922231
1
0.878014
1
1
1
0.864209
1
0.877222
1
0.920858
0.840323
1
0.974683
1
1
0.91474
1
0.887514
0.885835
1
1
0.821664
0.976007
1
0.491258
1
0.805314
0.934479
0.993319
0.778252
1
1
0.942643
1
1
0.694286
1
1
0.808622
1
1
1
0.922339
1
1
1
0.817953
0.840058
1
1
0.491258
1
0.952143
1
0.491258
0.99665
1
1
1
1
1
1
0.974678
1
0.491258
0.978228
1
0.709052
1
0.801099
1
0.780215
0.925344
1
1
1
1
1
1
0.491258
0.713745
1
0.872062
1
0.964295
0.804919
1
0.837267
0.491258
0.745678
0.985552
1
1
0.750278
1
0.491258
0.905319
0.491258
0.979092
0.797518
1
0.491258
1
1
0.749089
1
0.888241
0.491258
1
0.809163
0.711975
0.749041
1
1
1
0.697132
0.948419
1
0.491258
1
0.871721
0.879082
0.779255
1
0.491258
1
1
1
1
1
1
1
1
0.954969
0.734701
1
1
0.775725
1
1
0.961659
0.491258
1
1
0.491258
0.826997
0.998628
0.491258
0.95065
1
0.491258
0.96439
0.706529
0.709363
1
0.795387
1
1
0.78955
0.990401
0.73959
1
0.919327
1
1
1
1
0.814878
0.842423
0.491258
0.95368
1
1
0.713977
1
1
1
0.963979
0.751961
1
1
0.87749
0.788166
1
0.794208
0.491258
1
0.491258
0.822272
0.870088
1
1
0.912723
1
0.491258
1
1
0.491258
0.903613
1
1
0.705045
0.879701
1
0.921125
0.904374
0.731511
0.907202
0.941619
0.876628
1
1
0.905205
1
1
1
1
1
1
0.491258
1
1
1
1
0.959397
0.871168
0.87248
1
1
1
0.848243
0.491258
0.928673
0.892829
1
0.793451
1
0.988563
0.854386
1
1
1
1
1
0.95864
0.806858
0.945302
1
0.491258
0.491258
0.939073
0.927193
1
1
0.807506
0.914898
1
1
0.89526
1
0.973443
0.868549
0.893137
0.856788
0.954018
0.926554
0.896355
1
1
0.996193
1
0.925698
1
1
1
1
0.908182
1
1
0.491258
0.925123
1
0.74804
1
1
0.916213
1
0.785437
1
1
1
1
0.851676
1
0.745543
1
1
1
0.816817
1
0.893929
1
1
0.491258
0.765445
0.972693
1
1
0.980658
0.92602
1
0.911131
1
1
1
1
1
1
1
1
1
1
1
0.983151
1
1
0.784332
1
1
0.491258
0.800989
1
0.932574
1
1
1
1
1
1
0.97043
1
0.772525
1
1
1
1
0.833736
1
1
1
0.942127
1
0.491258
0.878048
0.975085
0.935194
0.827807
0.698739
0.892366
1
1
0.943943
0.810165
0.706859
0.841564
1
0.747665
0.848577
0.813156
0.715125
1
1
1
0.846835
0.947404
0.835773
0.833881
1
0.965787
1
1
0.707914
1
0.916421
1
1
1
0.877628
0.971008
0.809693
1
0.958181
0.694359
1
1
1
1
1
0.764806
0.853886
1
1
1
1
1
0.716638
1
1
1
1
1
0.76064
0.805744
1
1
0.843208
1
0.491258
0.709284
0.701062
0.491258
1
1
0.930612
0.728534
0.491258
1
1
0.925696
0.711043
0.491258
1
0.491258
0.713674
1
1
1
0.491258
1
0.863501
0.942272
0.982723
0.969136
0.764088
1
1
1
0.907419
0.947342
1
0.942096
1
1
1
1
1
0.972543
1
0.949413
0.856449
0.866147
0.857199
1
1
0.754329
0.911578
1
1
0.931551
1
0.888219
0.491258
1
0.847702
0.990762
1
1
1
0.996678
1
0.491258
1
0.836523
0.97074
1
0.837859
0.974659
1
0.703421
0.755754
1
1
0.855054
0.827996
1
1
0.970824
0.963826
0.917366
1
0.732319
1
0.942029
1
1
0.491258
1
0.780579
1
1
1
1
1
1
1
0.976765
0.905041
1
1
0.865293
0.491258
1
0.894361
0.88772
1
1
0.827516
0.817756
1
1
0.918683
0.491258
0.948153
0.94587
0.745197
0.75562
1
0.95438
1
0.921194
0.967721
0.858886
0.981571
1
0.766071
1
0.997274
1
1
0.725735
0.710952
1
0.912384
0.931593
0.823656
1
0.752113
1
0.894508
0.938631
0.903543
0.977492
0.75013
1
1
0.739978
0.818791
1
1
1
0.828318
1
1
1
0.491258
0.491258
1
1
0.918878
1
0.770251
1
1
1
0.911815
0.965838
0.696461
0.491258
0.794171
0.726791
0.491258
1
1
1
1
1
1
0.858282
1
0.972299
1
0.863003
0.770471
0.491258
0.755652
0.853017
1
1
0.703014
0.901357
1
0.491258
0.950366
1
0.857709
0.906964
1
1
1
0.874935
1
0.932348
0.700751
1
0.952739
0.890935
0.712519
1
1
1
0.8501
0.871923
0.978169
1
0.940315
0.729478
0.975427
0.894313
1
0.948748
0.900587
1
0.911124
0.878178
1
1
0.491258
0.820289
1
0.935244
0.91941
0.823887
1
0.96405
1
1
1
0.757805
0.741107
0.95921
0.491258
0.797639
0.747174
0.873623
1
1
0.491258
1
1
1
0.710839
1
0.724212
0.491258
1
1
0.917591
0.90274
0.967826
0.900523
0.918029
1
1
1
1
1
1
0.692897
0.923593
1
0.994028
1
0.755663
0.790125
1
1
0.913526
1
1
1
1
1
0.858573
1
0.96422
1
1
0.818689
1
1
1
0.884191
0.934529
1
0.735864
1
1
0.997582
1
0.880189
0.905822
0.971843
1
0.491258
0.775341
1
1
0.935462
0.81946
1
0.947527
0.900564
0.861908
0.944666
1
1
1
1
1
0.989011
1
0.944727
0.491258
0.491258
1
0.883092
1
1
0.760458
0.803238
0.892872
1
1
0.922628
0.965521
1
1
0.844339
1
0.798461
0.491258
0.787322
0.892394
0.842239
0.83569
1
0.491258
0.926488
0.491258
0.491258
0.881236
0.811774
0.994766
1
1
1
0.769439
0.957301
0.846874
1
1
1
1
1
1
1
0.692587
0.894538
1
1
0.870176
0.962381
1
0.919465
1
1
0.692406
0.840481
0.491258
0.726011
1
1
1
1
1
0.879672
1
0.972623
0.88168
1
0.491258
1
0.995322
1
0.924784
1
1
0.491258
1
1
1
1
0.964394
1
1
1
1
1
1
1
1
0.727469
0.987779
1
1
1
1
0.899009
1
0.491258
1
1
1
1
1
0.941434
1
1
0.491258
0.79452
1
1
0.873776
0.874022
0.694543
0.819575
1
1
1
1
0.491258
0.993401
0.9616
1
0.996186
0.913731
1
0.973684
0.939703
0.723009
0.992555
0.874569
1
0.491258
1
1
0.73362
1
1
1
1
1
1
1
0.702277
1
1
0.839772
1
0.962382
0.721107
1
0.491258
1
1
0.99623
0.491258
0.945397
0.491258
0.715831
0.491258
1
0.792232
1
1
0.903324
1
0.882532
0.863132
1
1
0.812052
0.984316
0.788049
1
1
1
1
1
1
1
0.894419
1
0.955497
1
1
0.990891
0.956625
0.84506
0.981098
1
0.845679
1
0.774408
1
0.892915
1
1
0.696429
0.861485
0.990712
0.938039
0.983414
1
1
0.978921
1
1
0.807187
1
1
1
0.792475
0.910449
1
1
1
0.804795
0.774241
1
1
1
1
0.785487
1
1
0.924124
1
1
0.949983
0.897179
1
1
1
1
0.922113
1
1
0.940017
0.952056
0.875624
1
0.799172
1
1
0.491258
1
1
1
1
0.943509
0.946383
1
0.826618
0.799448
1
1
0.733067
0.956197
0.722305
1
0.491258
0.933892
1
1
1
1
0.491258
0.890309
1
1
0.491258
1
1
1
1
0.88856
1
1
0.843466
0.972598
1
1
1
0.933453
0.924318
0.491258
0.846249
1
1
1
1
0.949494
0.849336
0.982258
0.491258
0.952795
1
0.891973
0.491258
0.992314
0.851872
0.997844
0.984023
0.731965
1
0.837275
1
1
1
1
1
1
0.491258
0.491258
1
1
0.7177
1
0.762804
0.976435
0.491258
1
0.491258
0.795667
0.880855
1
1
1
0.776475
0.491258
1
1
0.901025
1
0.827651
0.852905
1
0.491258
0.939579
1
1
1
0.953676
0.992944
1
0.891073
1
0.841927
1
0.962666
0.491258
0.781612
1
0.84653
1
0.491258
1
0.760989
0.491258
1
1
0.893614
0.695622
0.889222
1
1
0.899181
1
0.944594
1
1
1
1
0.889654
1
1
0.491258
1
0.491258
0.96413
0.992585
1
0.885001
0.982194
1
1
0.836067
0.702484
0.970337
1
0.717064
0.821077
1
1
0.826822
0.956757
0.81479
0.805547
1
1
1
1
1
0.967008
1
1
0.785616
0.798294
0.838029
1
0.989759
1
1
1
1
0.971396
0.995861
0.848534
0.491258
0.760617
1
0.856045
0.491258
1
1
1
0.882312
1
1
0.933358
1
0.983884
0.491258
1
0.82604
1
0.491258
1
1
1
1
1
1
0.977812
1
0.704021
0.696492
1
0.860541
0.732966
1
1
1
0.810974
0.740256
0.961562
1
1
0.929273
1
0.968913
1
1
1
0.961932
1
0.990671
1
1
1
1
1
0.799212
0.887479
1
0.848755
1
1
1
1
1
1
0.803379
1
1
1
0.852508
1
0.491258
1
1
0.774886
0.782634
1
0.89502
1
1
1
1
1
1
0.78929
0.845509
1
1
0.930639
1
1
1
0.740278
1
1
0.97092
0.788949
0.491258
1
1
1
1
0.795499
0.760377
1
1
0.982106
0.957572
1
0.965375
1
0.792641
1
1
1
1
1
0.977509
0.889775
1
1
0.925748
1
0.491258
1
1
1
1
0.823431
1
0.491258
0.742305
1
0.778706
0.846289
0.904407
1
1
1
0.775957
0.753468
0.978617
0.826316
0.770318
1
0.769793
0.491258
0.96761
0.778563
1
1
0.876285
0.852863
0.93743
1
0.774166
1
1
1
0.695478
0.746572
1
0.749085
1
1
1
0.927283
0.768543
1
0.491258
0.840377
0.901602
0.735705
1
0.996033
1
0.95379
1
1
0.750326
0.491258
0.491258
1
0.965241
0.898681
1
0.921151
1
1
0.891875
0.770228
0.893874
0.971332
1
1
0.897535
0.792613
1
0.491258
1
1
1
1
0.734553
0.751163
1
1
0.882793
0.890059
0.936384
0.900477
0.740067
0.960761
0.962337
0.789543
0.828009
0.792426
1
0.491258
1
1
0.848223
0.491258
0.848006
1
0.747867
1
0.963413
0.948483
1
0.897694
0.701565
0.918239
0.992651
1
1
0.711882
0.973191
0.491258
1
1
0.945724
0.993646
0.834722
0.988198
0.905881
0.88641
1
1
0.980774
0.491258
0.735024
0.491258
1
1
0.795771
1
0.860831
0.70471
1
0.774889
1
0.853958
0.892044
0.943426
0.99167
1
0.888868
0.766353
0.989657
1
0.926429
1
1
0.491258
0.712868
1
1
0.961064
0.922786
1
0.962105
0.960505
0.951365
0.995759
0.491258
0.491258
1
1
1
0.941544
1
1
1
1
1
1
1
1
0.917147
1
0.491258
1
0.881723
0.886287
1
1
1
1
0.959377
0.765171
1
1
1
0.975451
0.491258
1
0.99168
0.924495
1
1
1
1
0.491258
1
1
1
1
1
1
1
1
0.823825
0.831537
0.491258
1
1
0.856458
0.97469
1
0.808379
0.779377
0.978939
0.954976
1
1
1
1
0.793641
1
1
0.852933
0.774272
1
0.928145
1
0.856487
1
1
0.969687
1
1
0.491258
1
1
1
1
1
0.702238
0.902329
0.491258
1
1
1
1
0.80144
0.491258
1
0.491258
1
1
1
0.991223
1
0.952743
0.929096
1
1
0.799851
0.491258
1
0.947228
1
0.93512
0.491258
0.755355
0.958086
1
1
0.847365
0.491258
1
1
1
1
1
1
1
0.751065
0.491258
1
0.491258
0.920986
1
0.733309
0.491258
0.972711
1
1
0.952574
0.83963
1
1
1
0.919963
0.491258
1
1
1
1
1
0.909043
0.939178
1
0.491258
0.491258
1
0.966673
0.757886
1
0.80062
0.802802
1
0.855523
1
0.9273
1
1
0.848934
1
0.831332
0.847988
0.905916
0.977782
1
1
0.491258
0.991583
0.885545
1
0.917167
1
0.777632
0.779689
1
1
1
0.852348
0.944209
1
1
0.491258
0.813768
1
0.997153
1
1
1
1
0.986987
0.767618
0.724132
0.797427
1
0.844989
0.749056
1
1
0.924768
1
1
1
1
0.959642
1
1
0.711759
1
0.986178
0.911609
0.491258
1
0.776688
1
1
1
0.853529
1
0.982363
0.8958
0.853441
0.957648
1
0.796679
1
1
0.827121
1
0.873555
0.813244
1
0.885158
1
1
1
1
0.992132
1
1
0.762232
0.886055
1
0.968249
1
0.727001
0.931637
1
1
0.970013
0.946037
1
1
1
0.910603
1
1
1
1
0.98228
1
1
1
1
0.977038
0.813515
1
1
1
1
0.491258
1
1
0.908469
0.820395
1
1
0.82863
0.907668
0.892208
0.895776
1
0.85894
1
0.76597
0.971348
1
1
1
0.938536
1
0.918688
1
0.722272
1
1
0.776781
0.913162
1
1
0.698495
1
1
1
1
1
1
0.491258
1
1
0.894495
1
1
0.491258
1
0.859375
1
0.794703
1
1
1
0.78215
0.491258
0.844607
1
0.871022
1
1
1
0.937201
0.984931
0.793431
1
0.787041
1
0.491258
0.872632
1
1
0.868085
1
0.949706
1
1
0.491258
1
1
1
1
0.491258
0.703522
0.984114
1
0.816868
0.817305
0.814128
0.491258
1
0.779685
1
1
1
1
0.979935
0.747408
0.89046
1
0.979235
0.755205
1
1
0.814465
1
0.982975
0.491258
0.966286
0.491258
1
1
0.84434
0.795001
0.846969
1
1
1
1
1
0.956335
0.491258
0.982913
0.702952
0.998745
0.879801
1
0.828954
1
0.898235
0.707912
1
1
0.755483
1
0.948235
1
0.70611
1
0.889975
0.761081
0.89822
1
0.803486
0.877862
1
0.944168
1
0.82308
0.971684
0.906934
0.876682
0.966293
1
1
0.905487
0.948715
0.754097
0.802629
0.491258
0.931592
0.919959
0.841575
1
0.884778
0.988314
1
0.935305
0.71228
0.491258
1
0.955958
0.824831
1
1
1
0.491258
0.988421
0.755215
0.840777
1
1
0.804999
0.491258
1
1
1
0.983846
1
0.805752
0.779392
0.876204
1
1
0.860499
1
0.998954
0.875041
1
0.727452
0.491258
0.491258
0.9561
0.491258
1
1
1
1
0.862343
0.85357
1
0.946638
0.887601
1
1
1
1
1
1
1
1
0.996568
0.784633
1
1
0.946465
1
1
0.833946
1
1
1
0.950192
0.694181
1
0.779944
0.999714
0.491258
0.961816
1
0.820966
1
1
0.491258
1
0.918753
1
0.863512
0.91045
0.848882
0.962706
1
0.901477
0.74147
1
0.754896
1
1
1
0.908654
0.723534
0.920654
0.841892
0.90377
1
0.706335
0.856602
1
1
0.949256
0.808857
1
0.995876
1
0.878921
0.853453
0.996727
0.927448
0.854004
0.714128
1
0.905592
1
1
1
1
0.93963
0.819175
0.491258
0.491258
1
0.983224
1
1
1
0.744704
0.491258
0.715684
1
0.491258
1
1
0.491258
0.95745
1
1
0.872789
0.917465
0.847524
1
0.764249
1
1
1
1
0.947718
0.825475
0.99838
1
1
0.987626
1
0.833765
1
0.862285
0.99898
1
0.704946
0.894699
1
0.812343
0.981022
0.966182
0.491258
0.868172
1
0.80507
1
0.882107
1
0.491258
1
1
0.766361
1
0.968531
1
1
0.491258
1
1
0.955995
1
0.780323
0.985032
1
1
1
1
1
0.747765
0.773661
1
0.734846
1
1
1
1
0.784176
0.960389
1
0.937953
0.491258
0.996074
1
0.972994
1
0.837543
0.894392
0.988937
1
1
1
0.786001
0.804285
0.980691
1
0.873876
0.907145
1
1
1
1
1
1
0.933919
0.863526
0.734187
0.91552
0.939292
0.925901
1
1
1
1
1
1
0.700097
1
0.727803
0.929419
0.826343
0.701628
0.781462
1
1
1
1
0.972921
1
0.730263
1
1
1
1
0.776793
1
0.491258
0.963318
1
1
1
0.491258
1
1
1
1
0.774754
1
0.918531
1
1
1
0.920495
1
0.880786
1
1
1
1
0.92741
0.901893
0.78739
0.850889
1
0.960408
1
1
0.491258
1
1
1
0.491258
1
0.99679
1
0.826597
1
0.957937
1
0.985151
1
1
0.957304
1
0.92064
1
0.746184
0.96329
1
0.491258
1
1
0.739141
1
1
0.713913
0.930428
1
0.709823
1
1
1
0.95403
1
1
0.712381
0.861916
0.745347
0.731292
1
1
1
1
1
0.882504
1
1
0.887964
1
0.740184
1
1
1
0.829525
1
1
0.939944
1
0.949789
1
1
0.942858
0.93448
0.92624
0.726365
1
0.943468
1
0.491258
0.962446
1
0.852547
1
1
1
1
0.491258
1
1
0.894396
1
0.883116
1
0.907029
1
1
0.945457
0.857079
1
1
1
1
0.781904
1
1
0.695535
0.787708
0.873486
1
1
0.491258
1
0.993556
0.83867
1
1
0.871873
0.868752
1
1
0.884254
0.962126
0.826031
0.934292
1
0.846417
0.800992
0.968976
0.790862
1
0.78442
1
1
0.94327
1
1
1
1
0.815234
1
0.695224
1
0.913267
1
1
1
0.99804
0.897164
0.921032
1
1
1
1
0.491258
0.78183
1
1
0.957741
1
0.491258
0.794859
1
1
0.930779
1
0.721248
0.891186
1
0.955646
1
0.774235
1
1
0.852411
0.722352
1
0.703751
0.491258
0.491258
1
1
1
0.855638
0.743684
1
0.997605
1
1
0.744385
1
1
0.849081
1
1
0.81203
1
0.937652
0.994548
1
1
1
1
0.491258
0.930276
1
1
0.871384
1
1
0.859721
0.992655
0.796772
1
0.956543
1
0.491258
0.491258
0.712438
0.878648
0.705856
0.960712
1
1
0.750012
0.870324
1
1
1
0.880032
0.939535
0.491258
1
1
1
1
1
1
0.710251
1
0.740009
0.954536
1
1
0.981161
1
1
1
1
0.914559
0.934725
1
1
1
1
1
1
1
0.491258
0.795121
1
0.995516
1
0.491258
1
1
0.985691
1
1
1
0.984461
0.939765
1
0.491258
1
0.901546
1
1
1
0.96484
0.766794
1
0.79667
0.88782
0.491258
1
0.866409
0.821042
1
1
0.873787
1
1
1
1
0.904894
1
1
0.883834
0.993466
0.69889
0.982183
1
1
0.780114
0.491258
0.703453
1
1
1
1
1
1
0.977287
0.710843
1
0.766581
1
0.906596
0.927573
0.73333
0.879306
0.702186
1
0.693378
1
0.491258
0.491258
1
0.710124
1
0.920938
0.883884
0.745176
1
1
1
1
0.491258
1
0.964432
0.491258
1
0.988597
1
0.961111
1
0.799115
0.852913
1
1
1
0.846965
0.724052
0.877796
0.963119
0.95398
1
0.979067
1
0.746615
0.773612
0.993825
1
1
1
1
1
1
1
0.491258
0.816511
0.491258
1
0.491258
0.491258
0.933992
1
1
0.990562
1
0.843071
0.491258
0.988761
0.491258
0.895861
0.902034
1
1
1
0.949142
0.98735
0.906425
1
0.860082
1
1
1
0.87932
1
1
1
1
1
0.830894
1
1
0.809445
1
0.846855
0.863815
1
1
0.887427
0.491258
1
1
0.992047
0.979819
1
1
1
0.775353
0.869235
1
0.69977
1
1
1
1
0.73458
0.491258
0.86931
0.824265
0.961896
1
1
1
1
0.927495
1
1
1
0.849128
0.8837
1
1
1
1
0.850804
1
0.736813
0.491258
1
1
1
0.903157
1
1
0.999458
0.699112
1
1
1
1
0.943632
1
0.888395
0.720455
1
1
0.887538
1
0.78275
0.950253
0.978052
0.938255
0.822494
0.810155
0.951718
1
0.863502
1
1
1
0.938925
1
0.812288
0.989899
1
1
1
0.723882
1
1
1
1
0.784377
1
0.993801
0.905267
1
0.795119
0.982673
0.491258
0.491258
0.839713
1
0.896832
0.773667
0.964323
0.986879
0.839326
1
0.816743
0.491258
1
0.879335
0.826673
1
0.902074
1
0.934724
0.491258
1
0.491258
1
1
1
0.751703
0.77924
0.880662
1
1
1
0.95867
1
1
1
1
1
1
1
1
0.96649
1
0.943592
0.818843
0.862615
1
1
0.757774
0.969424
1
1
1
0.997605
1
0.945923
1
1
1
0.846392
1
0.907215
1
1
0.987709
1
1
1
0.491258
1
0.820904
0.889784
1
0.837356
0.917772
1
0.787619
0.761117
1
0.965583
0.895471
0.779118
0.71006
0.892903
1
0.878965
1
1
0.491258
0.918774
1
1
1
1
1
0.828114
0.789015
1
0.491258
0.696549
1
0.491258
0.78829
0.814594
0.72975
1
0.871405
1
0.756259
0.85554
1
0.86654
1
0.963091
0.85631
1
1
0.769607
0.737469
1
0.886043
1
0.795816
0.491258
0.882668
0.775297
1
0.854409
0.914439
1
1
0.713986
0.944576
0.77331
0.850689
0.991242
1
1
0.936916
0.77435
0.961337
0.993855
0.784984
1
1
1
1
1
1
1
1
0.913035
0.725802
0.749735
0.872503
1
1
1
1
0.697652
0.90167
1
1
0.491258
0.822338
1
0.954122
0.491258
0.491258
1
1
1
0.491258
1
1
1
1
0.767166
0.766068
1
1
1
1
0.993683
0.970406
1
1
1
0.995339
0.714955
0.491258
0.72148
0.930856
0.847936
0.902196
1
0.839195
0.97982
1
0.491258
0.737368
1
0.978318
0.767198
0.491258
0.763648
0.491258
1
0.491258
0.491258
1
0.767006
1
0.791586
1
1
0.70817
1
0.906443
0.98992
0.991322
1
1
1
0.864146
0.904221
1
1
1
1
0.691972
0.823129
1
0.919896
0.88846
0.883145
0.922058
1
0.762789
0.846103
1
1
1
1
0.768265
1
0.94432
1
0.698623
0.918518
1
1
1
0.491258
1
1
0.966808
1
1
0.729805
1
0.993756
1
0.720835
1
1
0.89638
0.914908
0.491258
0.491258
1
0.996909
0.792861
0.877174
0.849199
1
0.878107
1
0.989303
1
0.491258
1
1
1
1
1
1
0.70135
1
1
0.491258
0.855469
1
1
1
0.73597
0.826958
0.900199
1
0.491258
1
1
0.899721
1
0.874146
0.491258
1
0.800594
1
1
1
1
0.733124
1
1
1
1
1
1
0.860486
0.491258
1
1
1
1
0.9908
0.99261
0.491258
0.97371
1
1
0.741941
1
0.491258
0.79528
1
0.868666
1
0.491258
1
0.980233
1
1
0.826994
1
1
1
0.889315
0.753287
1
1
1
0.893543
0.770949
1
1
1
0.748597
1
1
1
0.491258
0.946232
1
1
1
0.904334
1
1
1
1
0.491258
0.822741
0.794163
0.866965
0.491258
0.862971
0.873134
0.961611
0.736097
0.851168
1
1
0.856479
0.921893
1
0.956213
1
0.491258
0.982167
1
1
0.73194
0.842666
0.774956
1
1
1
1
1
0.829451
0.491258
0.949608
0.753606
1
0.956808
1
0.827066
1
0.758967
1
1
1
1
1
0.989731
0.905533
0.938626
0.996483
1
0.732282
0.491258
1
1
1
0.963977
0.866329
0.793912
0.491258
0.790179
0.93997
1
1
0.704227
0.969932
1
1
1
0.491258
1
0.491258
0.778323
1
1
0.988927
1
1
1
1
1
1
1
0.9655
0.806749
1
0.723655
0.986139
1
1
1
0.791366
1
0.934678
1
1
0.767398
0.936994
1
0.757427
0.866713
0.880078
1
1
0.714709
0.692318
0.774412
0.977198
0.880887
1
1
0.93138
0.885382
0.491258
0.912894
1
0.990279
1
1
1
0.767088
0.982459
1
0.491258
1
1
0.491258
1
1
1
0.761218
0.875912
0.793052
1
0.980262
0.761436
1
0.827025
0.955622
1
0.705816
1
0.979572
1
1
0.948903
0.955506
0.811692
0.705216
0.927441
0.919675
0.701566
0.491258
0.703471
0.820775
1
1
0.753781
0.778927
1
0.802002
1
0.872634
1
1
1
0.828949
1
1
0.491258
0.879059
1
0.925392
0.962916
1
0.919869
0.491258
1
1
1
0.783504
1
1
1
0.946558
1
0.491258
1
0.751689
0.999687
1
1
0.900086
0.946834
0.982945
1
1
0.842588
1
0.754591
1
0.491258
0.877785
0.926988
1
0.998117
0.957188
1
0.816676
1
0.89678
0.87763
0.746077
0.491258
0.923428
1
1
1
0.846661
0.925623
1
1
1
0.729433
1
1
1
1
0.717371
0.722827
0.806691
0.904053
1
0.894067
0.756765
0.859609
0.930586
1
0.864876
1
1
0.888466
0.807573
1
0.946124
0.983375
1
0.700169
0.856884
0.852507
0.764949
1
0.891689
0.705875
1
1
1
1
0.989385
1
0.83762
0.787345
0.491258
0.918163
1
1
1
0.844502
0.491258
0.899094
0.947581
1
0.953799
1
0.755858
1
0.717654
1
0.920432
0.794034
1
1
1
1
0.944136
1
0.872358
1
1
1
0.71662
0.751097
0.876349
1
0.962977
0.9679
1
1
1
0.491258
0.491258
1
1
1
0.883015
1
1
0.991485
0.856152
0.87109
0.763771
0.743474
0.973337
1
0.702748
0.928773
1
1
0.723827
0.491258
1
0.839465
1
1
0.844569
1
0.977888
1
0.762173
0.951288
1
1
1
0.863853
1
1
1
0.903977
0.743031
1
0.807137
0.926596
1
0.938549
0.817956
0.728949
0.725544
1
0.994239
0.949971
1
0.83637
1
0.901869
1
0.813159
0.976957
1
0.803367
0.491258
1
1
0.99494
1
0.990778
1
0.995762
1
0.908162
0.958645
0.765295
1
0.491258
1
0.725312
1
1
0.491258
1
0.998814
1
1
0.736267
0.870568
0.699335
1
1
1
1
1
1
1
0.491258
1
1
0.70968
0.753203
0.903582
1
1
1
1
1
1
0.8967
0.854127
0.934793
0.981844
0.696037
1
0.491258
1
1
0.74954
1
0.704653
0.943693
0.87388
1
0.868703
0.95011
0.986565
0.893583
1
0.895544
1
1
1
1
1
0.491258
1
0.912704
0.871237
1
0.950752
0.99749
0.88585
0.967311
1
1
1
0.795462
0.956651
0.896273
1
0.791509
0.491258
1
0.940976
1
0.731287
1
1
1
0.952618
0.736319
1
1
0.969554
1
0.758263
1
0.96629
0.970538
1
1
1
1
1
0.896554
0.696679
1
0.759074
1
0.759781
0.903598
1
0.974824
0.959363
1
1
0.997501
0.80196
1
1
1
1
0.966993
1
1
0.948511
1
0.718719
1
1
1
1
1
0.880394
1
0.930925
1
0.808307
1
0.763104
1
1
0.888743
0.999837
1
1
1
1
1
1
0.491258
1
1
1
1
0.901599
1
1
0.76195
0.991531
0.491258
1
1
1
1
0.731545
1
1
1
1
0.967076
0.773819
0.716941
0.756629
0.730986
0.491258
0.734717
0.985294
1
1
0.779295
0.925753
0.733809
1
1
0.491258
1
0.874885
0.771459
0.69822
0.79751
0.89563
0.737747
0.924618
0.991126
1
1
1
1
1
1
1
0.91315
1
1
1
1
0.797928
0.491258
0.871781
0.965965
0.796526
0.491258
0.984098
0.735257
1
1
0.696937
0.859648
1
0.701329
0.754176
0.86362
0.947087
0.813873
1
0.895859
0.868081
0.738349
0.771404
1
0.491258
1
1
0.883887
0.804737
1
0.818272
0.853973
0.491258
0.959209
0.858948
0.728082
1
1
0.851783
0.959738
0.971311
0.76662
1
1
1
0.810783
1
1
0.967921
1
0.831754
0.973731
1
1
1
0.491258
0.747252
1
1
1
1
0.725142
0.491258
0.877338
0.808776
1
0.717369
1
1
0.88996
0.987333
0.777384
0.491258
1
0.996213
1
1
0.999422
0.700606
1
1
0.788184
1
0.856324
1
0.769698
0.839366
0.929294
0.822653
1
1
0.698422
0.847327
1
0.770968
1
1
0.938142
0.491258
0.998963
1
0.734493
0.884983
1
1
0.711269
1
1
1
0.751434
1
0.78587
0.991479
0.730798
1
1
0.919945
0.942493
1
0.808589
0.710683
0.924037
0.491258
0.882757
0.745673
0.743321
1
0.947927
0.896792
1
1
0.980001
1
0.491258
0.973334
0.950305
0.965031
0.491258
0.792705
0.921441
0.863128
1
0.726209
1
1
0.999229
1
0.849512
1
0.70638
0.852975
0.923217
0.947512
0.946805
1
1
1
0.867369
0.808616
1
1
0.905962
1
1
1
1
0.913617
1
1
0.875003
0.942581
1
0.872443
1
0.721237
0.794512
0.909886
1
0.92079
0.742755
0.801699
0.738226
1
1
0.905701
0.938216
1
0.831531
1
1
1
0.78347
0.914153
1
1
1
1
0.491258
1
1
1
1
0.699625
1
1
1
0.871956
1
0.76069
1
0.751977
1
1
1
1
0.89071
1
0.491258
1
0.722729
0.909896
0.930501
0.958759
1
0.711473
1
1
1
1
1
1
1
0.982812
1
0.711153
1
0.764675
0.491258
1
0.927967
0.491258
0.998301
1
0.888396
1
1
0.945875
0.796262
1
0.833716
1
1
1
0.491258
1
1
1
0.998057
0.898111
1
0.964885
0.824921
0.838366
1
0.972138
0.491258
1
0.491258
0.799088
1
0.963412
1
0.762488
1
1
0.739179
0.834115
1
0.985931
0.491258
1
1
0.491258
1
0.975265
0.971007
1
1
0.917709
0.726541
1
1
1
1
1
0.991079
1
0.88636
0.907243
0.941893
0.94831
1
1
1
0.972606
1
1
1
1
0.836776
0.491258
1
0.950195
1
1
0.706078
1
0.922767
0.865289
0.950187
0.989218
0.491258
1
1
0.997559
1
1
0.87363
1
0.900399
1
1
0.95681
0.781755
0.808639
0.915386
1
0.731849
0.894438
0.936321
0.491258
1
0.491258
1
0.77432
0.992475
1
0.848344
0.815142
0.985216
1
0.930366
0.749588
0.930529
0.746706
0.770608
0.836495
0.895001
0.816642
1
0.982535
1
1
1
0.750237
0.967231
1
0.794
0.738137
0.863715
1
0.491258
0.491258
0.833525
1
0.92971
1
0.93208
1
1
0.491258
0.856442
0.937217
1
1
1
0.944957
0.931012
0.922632
0.888393
1
0.868652
1
1
0.822414
0.491258
1
0.491258
0.881024
1
0.983064
1
0.865782
1
0.893182
1
1
1
1
0.974445
1
0.848437
1
1
0.730378
1
1
1
1
1
0.879997
1
1
0.753148
1
0.787855
0.817141
1
1
0.828166
1
0.693288
1
1
1
0.936825
0.919079
0.783043
0.691041
0.844269
0.849086
0.905547
1
0.491258
1
1
1
1
0.491258
1
0.866907
0.753444
1
0.897523
0.941819
1
1
0.703291
0.987378
1
1
0.830959
1
0.491258
0.855714
0.491258
0.952378
0.982405
1
0.491258
1
0.839676
0.894378
0.982854
1
1
0.78236
0.775182
1
0.491258
1
1
1
0.754148
0.939996
0.888752
1
1
0.971893
0.842931
0.756103
1
1
0.862663
1
1
0.491258
1
0.994678
0.491258
0.710517
0.491258
0.810896
0.853853
1
0.872803
0.491258
1
1
1
0.491258
1
1
1
1
0.882434
1
0.855675
1
0.786457
0.954702
1
0.858846
0.791205
1
0.831773
1
1
0.821692
1
0.741661
1
0.728011
0.96343
1
0.994385
1
1
0.894293
1
1
1
0.781935
0.798635
1
1
1
1
0.870087
0.880625
0.728642
1
0.859271
1
1
0.993835
0.948099
0.838705
1
0.491258
0.749597
1
0.999354
1
1
1
1
0.491258
0.931419
0.835629
0.973334
0.717279
1
1
1
1
1
1
0.824718
1
0.792074
1
1
1
0.935167
0.904936
1
1
1
1
0.705347
0.960082
1
1
1
1
1
1
1
1
1
0.954769
0.873226
1
0.780148
1
1
0.832495
1
0.970793
1
0.491258
1
0.770341
1
1
0.927947
1
0.824275
1
1
1
0.808745
0.491258
1
0.829997
0.929206
1
0.821431
1
1
1
0.862242
1
1
1
1
0.491258
0.843581
1
1
0.758303
0.882625
1
1
0.954692
0.853503
1
0.760443
1
0.796003
1
0.988743
0.79601
0.491258
1
1
0.825863
0.491258
1
1
1
1
1
0.804488
1
1
0.491258
0.976083
0.842445
0.982199
0.92732
1
0.491258
0.953675
0.491258
0.810093
0.752117
1
0.748608
1
1
0.491258
0.719328
1
1
0.703017
0.965244
1
1
1
0.943617
0.983691
1
0.707293
1
1
0.803631
1
0.87938
0.753372
0.867521
0.931255
1
0.942251
1
0.838385
0.940934
0.896407
0.925355
1
0.965939
0.732614
0.945119
1
1
1
0.491258
1
1
1
1
0.491258
0.923528
0.694329
1
0.491258
1
0.766922
1
1
0.936796
1
0.910918
0.745707
1
0.721896
1
1
1
1
1
0.919338
1
0.968394
1
0.767488
0.835456
1
0.967943
0.945121
1
1
0.74089
1
1
0.491258
1
0.752589
0.708676
0.912507
1
0.934768
0.729503
1
0.722161
0.730422
0.491258
0.969125
0.924141
1
1
0.808133
1
1
0.81509
0.957487
0.879979
1
0.831297
1
1
1
1
0.982881
0.915239
0.890456
1
0.801514
0.800433
0.79133
0.871884
1
0.825114
0.491258
1
0.491258
1
0.491258
0.976876
1
0.491258
1
1
0.848083
1
0.876619
0.810525
1
1
1
0.97038
1
0.740043
0.909569
0.872394
1
1
0.961667
0.491258
0.788961
1
0.860718
1
1
0.723621
0.901935
1
1
1
1
1
0.948535
0.967021
0.803071
0.951193
0.491258
0.707665
0.491258
0.783188
1
0.491258
1
1
0.943989
0.759554
0.491258
0.956146
0.714793
1
0.917308
0.808703
0.846062
1
1
0.896333
0.972304
1
0.823772
1
0.695847
0.929426
1
0.998193
0.927657
1
0.998996
0.699035
1
0.491258
1
0.838532
0.491258
0.491258
0.869131
0.751625
1
1
0.774932
1
0.879935
1
0.93303
1
1
1
1
0.766617
1
1
0.782071
1
1
1
0.491258
1
1
0.781632
1
1
1
0.706216
1
1
1
0.756241
0.934164
1
0.834329
0.930935
0.793501
0.824289
0.976905
1
0.976767
1
0.995256
1
1
0.98841
1
1
1
0.740997
1
1
0.491258
1
1
0.971834
0.820607
0.910532
0.827969
0.984594
1
1
1
1
0.974083
1
1
0.957211
1
0.949524
0.798972
1
1
0.694198
0.819177
0.832567
1
0.797731
0.96219
1
0.986034
0.491258
1
0.933875
1
1
1
1
0.491258
0.718839
0.747971
1
1
1
1
1
0.936328
1
1
1
1
1
0.892446
0.903755
0.491258
1
0.955649
1
1
0.877283
1
1
0.800761
0.985373
1
1
1
0.76674
0.745777
0.733765
1
1
1
0.877874
0.937241
1
0.491258
1
1
0.703796
0.940697
1
0.718379
0.982763
0.954528
1
1
1
1
1
0.92788
0.836574
1
0.891589
1
1
0.84665
1
0.940124
1
0.770317
1
0.823893
1
0.967893
0.491258
1
0.491258
0.939294
1
1
0.738923
1
0.864846
1
0.698429
1
0.96407
1
1
0.946938
0.873704
1
0.830354
1
0.721231
0.950017
0.881171
1
0.975889
1
0.744831
0.905101
0.900796
1
0.491258
0.932062
1
0.958842
0.994169
0.880431
0.900332
0.851716
1
0.491258
0.852256
0.491258
1
1
1
1
1
1
0.987305
1
1
1
0.813585
0.805227
0.998237
0.873378
1
1
1
0.75883
0.891901
1
0.877342
0.9714
1
1
0.809276
1
0.793737
1
1
1
1
0.491258
0.885001
0.491258
1
0.923758
1
0.985491
1
0.946887
1
1
0.909733
1
1
0.843511
1
0.491258
0.764538
0.791241
1
1
0.768019
1
1
0.491258
0.733
0.94785
1
0.966216
0.491258
0.813925
0.849754
0.491258
1
0.848898
1
1
1
1
1
1
0.75235
1
1
0.905546
0.491258
0.491258
1
1
1
1
0.956494
0.957003
0.974178
1
1
1
0.928489
1
0.491258
1
0.792853
0.72503
0.928079
0.777772
1
1
0.885992
0.824455
0.491258
0.698159
1
1
1
0.994061
0.491258
0.991103
1
0.829757
0.767885
1
0.940941
1
0.728038
0.876325
1
1
1
1
0.787903
0.491258
1
1
1
1
0.491258
1
0.996648
0.780601
1
0.491258
0.838367
1
1
1
1
0.962286
0.877251
0.719507
1
0.491258
0.491258
0.746885
0.848588
1
0.908721
0.933402
1
0.749782
0.804738
0.898426
1
0.7894
1
0.770945
1
1
1
0.922329
0.783602
0.876848
1
1
0.992064
0.98691
0.70562
0.755333
0.491258
0.903916
0.987344
0.993604
0.86915
0.935378
1
0.736982
1
0.909661
1
1
1
0.949046
1
0.806554
1
0.799192
1
1
1
0.751843
1
0.806739
1
0.996828
0.959262
1
1
0.491258
1
0.983112
0.786593
1
1
1
1
1
0.491258
0.8967
1
0.937544
1
1
0.887877
1
0.990426
0.99867
1
0.491258
1
1
1
1
1
0.785138
1
1
1
1
0.855613
0.491258
0.759762
0.775663
1
1
1
1
1
0.491258
0.743893
0.922327
0.777096
1
0.491258
1
1
0.770514
1
1
0.849845
0.491258
0.883256
1
0.931653
0.871432
1
0.491258
1
1
1
0.691441
0.491258
0.881487
1
1
1
1
0.693421
1
1
0.747719
1
1
0.876625
1
1
0.491258
0.491258
0.491258
0.918252
1
1
1
0.891267
0.790989
1
1
0.927455
0.910132
1
0.848873
1
1
0.94935
1
1
0.856917
1
0.491258
0.907955
1
0.981185
1
0.766557
0.733473
1
0.836714
1
0.810802
0.938988
0.491258
1
0.982929
0.858545
1
0.955158
1
0.886391
0.89015
1
1
0.93723
1
1
0.839696
1
1
0.781709
1
0.971185
0.738735
1
0.931371
0.491258
1
0.73283
0.963802
1
1
1
1
1
0.838777
1
0.912125
0.891084
0.776363
0.896357
1
0.928954
1
0.992892
0.960406
1
0.910356
0.995257
1
0.941446
0.491258
0.834469
1
1
0.761089
1
0.707882
0.491258
1
1
0.975244
0.491258
1
1
1
0.956468
1
1
1
1
1
1
0.707085
1
1
1
1
1
1
1
1
0.491258
1
1
1
0.90459
1
0.90681
0.768449
1
1
0.839389
1
0.768836
0.976457
0.922902
1
0.734609
1
0.88343
1
0.856633
1
0.943601
1
0.833966
1
1
1
0.731981
1
0.929139
1
0.763579
0.940607
1
0.491258
0.873048
0.958099
1
1
0.845961
0.868912
1
1
0.861565
0.817061
1
1
0.820548
0.491258
1
0.491258
1
0.822999
0.89164
1
1
0.990678
1
0.874668
0.886766
1
0.952154
1
0.958404
0.771749
1
0.752794
1
0.699401
1
0.491258
0.984808
0.893884
0.9177
1
0.695157
1
0.820064
1
0.999221
0.930751
1
1
1
1
1
0.715425
0.491258
0.957358
0.725731
1
0.97653
0.781243
1
1
1
0.758973
1
1
1
1
0.905633
0.491258
0.491258
0.709561
0.963591
0.868563
0.887638
0.92763
0.738621
0.491258
0.816203
0.941363
1
1
1
1
0.834685
0.814878
1
0.72611
1
1
1
0.815678
0.772376
1
0.78691
0.80313
0.94491
1
1
1
0.491258
1
1
0.724174
0.945541
0.724355
0.879257
0.722838
0.789596
0.995774
0.69238
1
1
0.910277
1
0.747016
0.967916
1
1
0.99161
0.491258
1
1
0.849657
0.491258
0.792148
0.994106
0.839317
0.961517
1
1
1
0.881166
0.929621
0.751315
1
1
1
1
0.972359
1
1
0.491258
0.954126
0.849503
1
0.889926
0.779149
1
0.81057
1
1
1
0.958559
1
1
0.985635
1
1
1
0.491258
1
0.952113
0.720175
0.90711
0.703841
0.813799
1
1
1
0.812946
1
1
0.992991
0.779094
0.992149
0.996732
1
1
1
0.999941
0.491258
0.9564
1
1
0.886549
0.720775
0.491258
0.889589
0.819455
0.690509
1
0.766357
0.98096
1
0.775956
1
0.975491
0.958732
0.491258
1
1
0.893432
0.973627
1
1
0.948284
0.977158
0.797849
0.849548
1
0.939409
1
1
1
0.491258
1
0.491258
0.931183
1
0.973427
0.707808
0.491258
0.711603
0.744856
0.886137
0.979435
0.95801
1
1
1
1
1
0.912636
0.966676
1
1
0.491258
0.711755
0.83904
0.491258
1
1
0.941367
1
1
0.825732
1
0.952192
0.491258
1
0.79497
1
1
1
1
1
0.491258
0.789762
1
0.925528
0.827342
1
1
1
0.491258
0.854075
0.693765
1
1
0.80246
1
1
0.856191
1
1
1
1
1
1
1
0.491258
0.948455
1
0.783034
1
0.893356
0.491258
1
0.808287
1
1
1
1
0.990246
1
1
1
0.863317
1
0.821642
0.853382
0.959454
1
0.704251
1
1
0.744216
1
0.894188
0.895914
0.739322
1
0.696864
1
1
0.971683
0.491258
1
1
1
0.880995
1
0.750995
0.709372
1
1
1
1
1
1
0.745235
1
0.812939
0.804189
1
1
1
0.765048
0.908736
0.491258
0.72642
0.806791
0.940175
1
0.926959
0.902756
0.69893
0.819312
1
0.491258
1
1
1
0.491258
1
0.491258
0.491258
0.491258
1
1
1
0.895844
0.876231
0.979895
0.491258
1
0.491258
0.969653
1
0.992327
1
1
0.80221
1
1
0.947202
1
0.756533
0.994704
0.82124
1
0.737298
0.768178
0.819955
0.948921
1
1
0.760847
1
0.491258
0.938241
1
1
1
1
1
1
0.884209
0.742371
1
0.704084
0.909991
1
1
0.795222
1
0.96804
0.865462
0.920304
1
0.733648
0.89016
1
0.983821
0.995533
0.845626
0.920134
1
1
1
1
1
1
1
1
1
0.886164
0.867112
1
0.491258
0.765454
0.722553
0.920473
1
0.91273
0.99672
0.994636
1
1
1
0.852331
0.769548
0.780714
1
1
1
1
1
1
1
1
0.691233
1
1
1
1
1
0.856108
1
1
1
0.954058
1
0.973567
0.704176
0.855611
0.95343
1
0.760453
0.818013
0.779192
1
0.869358
0.922864
1
1
1
0.491258
1
0.961974
1
0.959418
0.491258
0.716416
0.853985
1
1
1
0.976497
1
0.953455
1
0.746231
1
1
1
1
1
0.786257
0.491258
1
0.719433
1
0.965351
1
0.904939
0.703575
0.898766
0.491258
0.872993
0.491258
1
0.757931
1
1
0.964882
1
0.710971
1
1
0.807597
0.906903
0.491258
1
0.741625
0.921608
0.750853
0.800478
0.845244
1
1
0.919702
1
1
0.971298
0.777103
1
0.805406
1
0.976298
1
0.87621
0.937842
1
1
1
0.882033
1
1
1
1
0.781422
0.777782
0.954028
0.799305
0.720725
1
0.894126
0.905627
1
1
0.922371
1
1
1
1
0.841971
0.831899
0.967714
1
0.972571
0.945621
1
0.993665
1
0.735804
0.85148
1
1
1
1
0.985862
1
1
0.755259
1
1
1
0.745191
1
1
1
0.733887
1
0.737093
0.922597
1
0.932573
1
1
1
0.491258
1
0.491258
0.800653
1
0.94394
1
1
0.491258
1
1
0.699945
1
1
0.491258
0.797331
1
1
1
0.98887
1
0.848769
1
1
1
0.724302
0.868534
0.764315
1
0.890278
1
1
0.957697
0.978708
1
1
0.491258
1
0.491258
1
0.754899
1
0.716378
1
1
1
0.808678
0.895245
1
1
1
0.990603
1
0.763135
1
0.716964
0.747018
1
0.751888
0.491258
1
1
0.856072
0.779224
1
0.919279
1
0.491258
0.77143
0.894369
1
0.696602
0.808908
1
1
1
0.814683
1
0.491258
1
0.779262
0.491258
1
1
1
1
0.93208
0.777067
1
1
0.893357
1
1
1
1
1
0.754473
1
0.994228
0.491258
0.876099
1
1
0.988156
0.975736
1
0.91579
1
1
1
0.952273
0.867469
1
0.937741
0.828783
1
0.491258
0.491258
0.491258
0.491258
0.933146
1
1
1
0.772801
1
1
0.872408
1
0.889477
1
0.992735
1
0.993984
1
1
0.902776
0.979663
1
1
1
0.81139
0.795523
1
0.870598
0.943655
0.768559
1
1
0.964631
1
0.934836
1
1
0.701717
1
0.491258
0.491258
0.956786
0.953044
0.993638
0.977044
1
1
1
1
1
1
1
0.96349
0.939296
0.717714
0.903837
0.785805
0.980122
0.491258
1
1
0.491258
1
1
1
1
0.927513
0.834013
1
1
0.935235
1
1
0.491258
1
1
1
1
0.995121
1
1
0.914805
1
1
1
0.955807
1
1
0.491258
1
0.736774
0.719129
0.491258
0.985623
1
1
0.817064
0.779106
1
1
1
1
1
1
1
0.739943
0.852543
1
1
1
1
0.714934
0.946149
0.858439
0.871147
0.992392
1
0.943371
0.838995
1
1
1
0.855496
1
1
0.74788
1
1
1
1
0.875275
1
1
1
0.958231
1
0.862139
0.908426
1
0.986036
1
1
0.491258
1
1
0.988736
1
1
1
0.993152
0.820908
0.981745
1
0.491258
1
1
0.762761
1
1
1
1
1
1
1
0.90713
0.808043
1
0.964667
0.910188
0.963851
1
1
1
1
1
1
0.70112
0.701783
0.985596
1
0.491258
1
0.928549
1
1
1
1
1
1
1
1
1
1
1
1
1
1
1
1
0.944181
1
1
1
1
0.974386
0.958928
1
0.916624
1
0.948338
0.845353
1
0.942636
0.717991
0.781217
1
0.886
1
0.82709
1
1
0.786449
1
1
0.835591
0.891307
1
0.697382
0.867291
0.491258
0.744762
0.786202
0.856924
0.491258
0.999133
1
1
0.770809
0.743709
1
1
1
1
0.911051
1
0.86572
0.851045
1
0.748253
1
1
1
1
1
0.83519
0.918352
1
0.897699
1
1
0.860465
1
1
1
1
1
1
0.991657
0.491258
0.813791
1
0.739093
0.811764
0.759442
1
1
0.980715
1
0.80427
1
0.918446
0.491258
0.865983
1
0.491258
1
1
1
1
1
0.491258
0.791025
0.798812
0.978224
1
1
0.901872
1
1
1
0.949995
0.714004
1
0.914836
1
0.801059
1
0.693354
1
0.705528
0.868561
1
0.793194
0.491258
1
1
1
1
0.846918
0.909887
1
0.807533
0.747934
1
1
0.998864
0.739224
0.837327
0.916736
1
0.953292
1
1
0.719846
1
0.977324
0.887314
1
0.700772
1
1
0.96851
1
1
1
0.491258
1
0.910904
0.919282
1
1
0.990249
1
1
1
1
0.849125
1
1
1
1
0.771317
0.694379
0.802509
0.918525
1
0.789884
0.692668
1
1
0.722133
0.731773
0.870074
0.988205
1
0.861388
0.491258
1
0.491258
1
0.491258
0.846089
1
1
0.74901
0.794246
1
1
1
0.83918
1
0.7175
0.871021
0.904999
0.491258
1
0.943563
0.491258
0.75905
0.923999
0.720819
0.951472
1
1
0.491258
0.777072
1
0.786599
0.95738
0.928107
0.801684
0.878323
1
1
0.809982
1
0.491258
1
1
0.82103
0.491258
0.989752
1
1
1
1
1
0.911308
0.912715
0.716012
0.491258
1
0.895225
1
0.754612
1
1
0.758853
0.772453
1
0.771463
1
1
1
1
1
0.491258
1
1
1
0.788336
1
1
0.789886
0.900678
0.864026
0.783753
1
1
1
0.957559
1
1
0.711739
1
0.491258
1
0.993211
1
1
0.956284
1
0.734881
0.875236
1
0.805177
1
1
0.876613
0.742696
1
1
0.819676
0.849699
0.830914
0.861072
0.99933
1
1
0.799292
1
0.730113
0.988773
1
1
1
0.997357
0.961519
0.857392
0.770945
0.812099
1
0.747084
1
1
1
0.879278
1
1
0.712042
1
1
0.973196
1
0.906031
1
0.846395
0.763507
1
0.773796
0.491258
0.890133
1
0.988113
1
0.88455
0.786822
0.741911
1
0.948955
0.847909
0.963267
1
0.886113
0.848506
0.791872
1
1
1
1
1
0.99567
1
1
0.813221
1
1
0.976994
0.746263
1
1
1
0.985621
0.767118
0.989832
1
1
1
0.929055
1
1
1
0.844961
0.921473
0.491258
0.999772
1
0.811605
1
0.887813
0.491258
0.990815
1
1
0.99459
0.933052
0.796665
1
0.491258
0.838738
1
0.843961
0.856015
1
0.844275
0.491258
1
1
0.776129
1
1
0.95879
1
0.928918
1
0.491258
0.894647
0.917355
1
0.90885
0.991927
0.736003
1
0.753861
0.959152
1
1
1
0.948038
0.988847
0.765141
1
1
1
0.839848
0.983503
0.491258
1
1
1
1
1
1
1
0.922912
1
0.982004
0.940288
1
0.931017
1
0.826687
0.784629
0.970555
1
0.491258
1
0.919045
1
0.491258
1
0.768035
1
1
1
0.94543
1
0.755254
1
1
0.978613
0.957446
1
1
0.778987
0.491258
0.702877
0.791502
0.790752
1
0.491258
0.903329
0.491258
1
0.924425
1
1
0.491258
0.705368
0.764257
1
0.719216
0.978475
0.834276
0.491258
0.976979
1
1
1
1
0.991522
0.96407
0.89743
1
0.491258
0.944195
1
0.985385
1
0.960608
0.894431
0.716914
1
1
0.848715
0.730601
0.751334
0.829705
0.769301
1
0.959645
0.491258
0.809215
1
1
0.82486
1
0.737342
1
1
0.491258
1
0.491258
0.90562
1
0.491258
0.889185
1
0.491258
0.801182
0.711945
1
1
0.491258
1
0.732731
0.747327
1
1
0.889992
0.491258
0.90865
0.866694
0.864208
0.877545
1
1
1
0.934276
0.788171
1
0.835217
0.491258
0.763751
0.996214
0.939114
1
1
0.895038
0.491258
0.916958
0.692287
0.954605
0.90744
0.873189
0.796986
1
0.977229
1
1
0.857647
1
0.756941
1
1
0.9897
0.99592
0.491258
0.82342
0.781391
0.770801
1
1
0.491258
0.872841
1
0.491258
0.995278
1
1
0.791491
1
1
1
1
1
1
1
0.837971
0.980522
1
1
1
0.975273
0.736472
1
1
1
1
0.8153
1
0.912424
0.795216
1
0.922071
1
0.491258
0.949817
1
1
0.834796
1
1
0.781786
0.854697
0.859731
0.937201
0.916089
0.491258
1
0.948579
0.909785
0.88715
1
1
1
0.491258
0.89752
0.849571
0.971541
0.869013
0.777839
0.491258
0.840128
0.81605
1
1
0.857355
0.875643
0.844432
0.491258
0.806897
0.853105
0.894609
0.491258
0.491258
1
1
0.964479
0.791901
1
0.919022
1
1
0.698883
0.733563
1
0.839455
1
1
0.708614
1
0.991119
0.491258
0.88913
0.978604
1
0.991314
1
0.79793
1
0.95891
0.917041
1
1
0.801474
0.891003
1
0.827
1
1
0.829528
1
0.779499
1
1
1
0.909812
1
0.949723
1
1
1
1
0.989706
0.942035
1
0.952699
0.491258
1
0.930344
0.715158
0.74981
0.831008
0.880609
0.491258
0.709283
1
0.995597
0.746706
0.801114
1
1
0.951859
0.806334
0.491258
0.923813
1
0.964929
1
0.904385
1
1
0.752703
0.893259
0.800862
1
0.491258
1
1
1
1
0.491258
1
1
0.987585
0.93848
1
1
1
0.896217
1
1
0.743091
1
0.786502
1
1
1
1
1
1
0.805522
0.774549
0.704203
0.714899
0.729547
0.786214
1
1
0.71455
1
0.491258
0.810171
1
0.491258
0.79783
1
1
1
0.93691
1
0.77589
0.966893
0.89255
1
1
1
1
0.491258
0.724916
0.967
0.885721
0.977351
0.815936
1
1
1
0.820469
1
1
1
0.91165
1
1
0.491258
0.755369
1
1
0.863906
1
0.830318
1
1
0.868663
0.845303
1
0.491258
1
0.908901
1
0.961082
1
1
0.491258
1
1
0.781726
0.970262
0.693186
1
0.932423
0.491258
1
0.862131
1
0.491258
1
0.745205
1
1
0.996521
0.977099
0.941476
0.491258
1
1
1
0.929471
0.693811
0.928266
0.895759
1
1
0.972098
0.805497
1
0.807602
1
1
1
1
1
0.920026
0.837524
1
1
1
0.956622
1
1
0.691171
0.491258
1
0.963395
1
0.891927
1
1
1
0.703949
1
1
0.942558
1
0.901481
1
0.950754
0.992549
1
0.856667
1
1
1
1
0.92046
0.721723
1
0.738521
0.924866
1
0.780497
0.933978
0.790304
0.870344
1
1
1
1
0.889893
1
1
1
1
1
0.883569
0.734391
1
0.708721
0.965632
1
1
0.934597
1
1
0.491258
1
0.491258
0.983244
0.853993
1
0.988637
0.884017
0.791912
0.892876
0.924775
0.860336
0.993879
1
0.930838
0.923653
0.754877
1
0.749058
0.867267
1
1
1
0.690857
1
1
0.491258
0.791645
0.949755
1
0.491258
0.783337
1
1
1
0.729061
0.996368
1
0.994127
0.78047
0.889308
0.735169
0.899288
0.841946
1
1
1
1
1
1
1
1
1
0.844585
1
1
0.491258
1
0.920032
0.998576
1
1
1
0.989652
0.929231
0.911488
1
0.932985
0.692063
1
0.956052
1
1
1
1
1
1
0.805122
0.775658
0.807286
1
0.910156
0.97719
1
1
0.98193
0.98927
1
0.89909
0.491258
1
0.491258
1
0.783542
1
1
1
1
1
0.712512
0.727252
1
0.931915
0.860954
1
0.816722
0.692507
1
1
1
0.898734
0.825881
1
1
1
1
0.876979
0.745721
0.491258
0.491258
0.887674
1
0.947614
1
1
0.987665
1
1
0.690963
0.996059
0.491258
1
0.985808
0.897211
1
1
1
1
0.92843
0.760262
1
1
1
1
0.491258
0.992661
1
0.720129
0.821839
0.491258
0.7381
1
1
0.983466
0.966978
1
1
1
0.70675
1
1
0.784676
0.845823
1
1
0.491258
1
0.916633
1
0.700566
0.980754
0.997993
1
1
1
0.699644
0.750914
1
0.981891
1
1
1
0.723675
1
0.951144
0.817574
1
0.930457
0.890468
1
0.928089
1
0.917133
1
1
0.953081
1
1
1
1
1
0.757168
0.491258
0.900809
1
0.989023
0.978851
0.979883
1
1
1
0.881682
1
0.699352
1
1
1
1
1
0.868383
1
0.954989
0.761905
0.98688
1
0.763631
1
0.491258
0.990328
1
1
1
1
1
1
0.491258
1
0.491258
0.491258
0.777383
1
0.917284
0.999366
1
1
0.757974
0.491258
0.801161
1
1
0.896166
0.837894
0.767268
0.491258
1
1
0.847744
0.950051
1
1
0.491258
1
0.848629
0.707817
0.933706
0.913554
0.783831
0.70789
1
0.704543
0.979011
0.969716
1
1
1
0.792611
0.819561
1
1
0.752399
1
0.491258
1
1
0.869375
0.953843
0.875365
0.830127
0.881608
1
0.760457
0.491258
0.941253
1
1
1
0.922499
0.928223
1
1
1
0.933539
0.491258
0.491258
1
0.863495
1
1
0.889832
1
1
1
1
0.869412
0.735777
0.965927
0.72522
0.808966
0.822133
0.912294
0.731042
1
0.849096
1
1
1
0.801219
1
0.765341
0.913653
0.491258
1
1
1
0.951406
1
0.811302
1
0.905362
1
1
0.946844
1
1
1
0.782372
1
0.921346
0.854243
0.857357
1
0.900206
1
1
0.491258
0.888633
0.939573
1
0.491258
0.86573
0.901172
0.743391
1
0.939513
0.962503
1
0.692243
0.846468
1
1
1
0.829501
1
0.872
1
0.946141
1
0.775302
1
1
1
0.701291
1
0.491258
1
0.491258
1
1
1
1
0.926236
1
1
1
1
0.725859
0.828804
0.849072
0.93905
1
0.491258
0.746237
0.742681
1
0.491258
1
0.715271
1
1
0.987899
0.491258
0.92756
0.968749
0.898709
1
0.77129
1
0.975597
1
0.861025
0.912811
0.691587
0.835972
1
1
0.893011
0.740349
1
1
1
1
0.789553
0.714223
1
0.917893
0.880566
0.84135
0.99243
1
0.892663
0.928801
0.788858
0.491258
0.991507
1
0.491258
0.762323
0.952408
1
0.947043
1
1
0.923064
1
0.861699
1
0.792464
0.755904
1
0.906013
0.491258
1
0.98239
1
0.729625
1
0.491258
0.939878
1
1
1
0.993069
1
0.491258
1
0.808148
1
0.953418
0.9164
1
0.731458
1
1
0.797888
0.826437
1
1
0.727723
0.809374
0.877163
1
0.844043
0.946497
1
1
1
1
0.848145
1
0.788284
0.983373
1
0.920255
1
1
1
0.991999
1
0.846768
1
0.873981
1
1
0.958086
0.896674
0.800293
1
1
0.491258
1
0.811671
0.99159
1
0.970898
1
1
0.811412
1
1
1
0.893876
1
0.730227
1
0.751621
1
1
1
1
1
1
0.981393
1
0.918335
1
0.702375
0.987719
0.976279
1
0.70311
0.748313
1
1
1
0.89419
0.957579
0.785625
0.886996
0.771638
0.491258
0.916834
1
0.998352
0.924224
0.816036
1
0.845269
0.98787
0.863856
1
0.759506
0.491258
0.95772
0.819577
0.793078
0.775205
1
0.768841
0.918136
1
0.977038
1
0.960208
1
0.996036
0.90612
0.806197
0.849233
0.951914
0.885468
1
1
0.816471
0.903655
1
0.714907
0.949712
1
1
0.983017
1
1
0.828025
0.817518
0.761689
0.85927
0.952191
0.935896
0.953343
1
1
1
1
0.491258
1
1
1
1
0.927649
1
0.947765
0.491258
1
1
1
0.888183
1
1
1
0.850477
1
0.491258
1
0.85804
0.891956
1
0.775208
0.994073
1
0.983723
1
1
1
1
0.895278
0.888146
1
1
1
1
1
1
0.722427
0.950233
1
0.491258
0.95
0.80046
1
0.964103
0.979261
0.922367
1
0.844278
0.97299
0.752051
1
1
0.917375
0.491258
1
1
1
1
1
0.760904
0.904572
0.853122
0.491258
1
1
0.975122
1
0.987881
0.491258
1
1
1
1
0.77169
1
1
1
1
0.922261
1
0.491258
1
1
0.697764
1
1
0.935583
0.931822
1
0.945324
0.777964
1
0.491258
0.838974
0.703124
1
0.491258
1
1
0.79417
0.933384
1
0.829363
1
0.913031
1
1
0.936844
0.765765
0.785323
0.790113
1
1
1
0.819181
0.983841
1
1
1
0.701326
1
0.857403
1
0.491258
1
0.928755
1
1
1
0.939086
0.922414
0.491258
0.962933
1
1
1
1
1
1
1
0.770774
0.929851
0.868634
0.991572
0.967548
0.979626
0.82323
0.878961
0.781266
1
1
0.491258
0.905047
0.975995
0.951457
0.809082
1
1
0.740189
0.825058
0.817733
0.984687
0.491258
1
0.732426
1
0.947939
1
0.942811
1
0.765525
0.819085
0.964873
1
0.980921
0.760023
1
0.491258
1
0.87737
0.930292
1
0.949514
1
1
1
1
0.862473
0.857963
1
1
1
0.901205
1
0.805251
0.491258
0.491258
1
1
1
0.866619
1
1
0.794641
0.815795
1
1
1
1
0.939067
1
0.931651
1
0.999038
1
1
1
1
0.806653
0.904255
1
1
0.90557
0.977918
1
1
0.697283
1
1
0.886808
0.829037
0.965505
0.868208
1
1
0.923902
1
0.832514
0.897562
1
1
0.974226
1
1
1
0.933087
1
1
1
0.894945
0.873626
0.732061
0.832952
1
0.916217
0.83871
1
1
0.491258
1
1
0.816494
1
0.708395
1
1
0.491258
1
1
0.907465
0.947504
0.96829
1
0.491258
1
0.989174
0.757327
0.491258
1
1
0.884895
1
1
1
1
0.834115
0.849611
1
1
1
1
1
1
0.715424
1
1
1
1
1
1
0.760533
1
1
1
1
0.988884
1
1
0.963389
1
0.873004
0.973807
0.968524
0.924598
0.491258
1
0.959558
1
0.491258
1
1
1
0.973522
0.705444
0.890878
1
0.710264
0.934337
1
1
0.772525
1
1
0.760412
0.833098
1
1
0.948998
1
0.992422
1
0.491258
1
1
0.725392
0.694614
1
0.892366
1
1
1
1
0.810027
0.727307
1
1
0.924636
1
1
1
1
0.995249
0.913331
0.74178
0.848569
1
1
1
0.75347
0.84433
0.491258
0.789039
1
0.908248
0.850185
0.695144
0.972937
0.918693
1
0.889551
0.928263
0.981969
0.818397
0.491258
0.906015
1
1
1
1
1
1
1
1
0.491258
1
1
1
0.729622
1
0.705575
0.869223
1
0.491258
0.806381
1
1
0.956446
0.824136
1
0.749513
1
0.729932
0.913508
0.85371
1
0.768706
1
0.705893
0.841149
0.72765
1
1
1
0.491258
1
1
0.860939
1
1
1
1
0.947955
0.741325
0.980705
1
1
1
0.961117
1
1
1
1
0.922696
0.700853
0.908156
1
1
0.939337
1
1
1
0.839426
0.950348
1
1
0.978865
0.491258
1
1
0.998601
0.805688
0.97206
0.889452
1
1
0.898388
1
0.9666
0.990754
0.931374
0.991295
1
0.712262
0.802074
0.792349
1
0.756491
1
1
1
1
1
0.897854
0.894927
1
1
0.856058
1
0.896744
1
1
1
1
0.796293
1
0.853554
0.88091
0.867135
1
1
1
0.905651
0.981648
1
0.932626
0.960622
1
0.933629
0.491258
0.815576
0.80333
0.900961
0.894494
1
0.778191
0.491258
0.977204
0.491258
1
1
0.693385
0.870822
0.918647
1
1
0.939161
1
1
1
1
1
1
1
0.928298
1
1
1
1
0.988495
1
0.961652
0.993763
0.491258
0.856392
0.491258
0.923459
1
0.925154
0.951838
1
0.727228
1
1
0.76864
0.807689
1
1
1
0.806038
1
1
1
1
0.941776
1
1
1
0.993729
1
1
0.841159
0.974582
0.885131
0.996697
0.8132
0.928191
0.722943
0.817367
0.969207
0.491258
1
0.873597
0.491258
0.84128
1
1
1
1
1
1
1
1
0.491258
0.702078
1
0.804808
1
1
1
1
1
1
0.715555
0.873616
1
0.491258
0.491258
0.491258
0.932905
0.974556
0.947428
0.491258
1
1
1
0.758737
1
1
0.765512
0.694014
1
0.754956
0.704079
1
0.706046
1
0.785487
1
0.894278
1
1
0.973395
0.491258
0.946551
0.491258
1
1
1
1
0.906432
1
0.866536
0.987923
1
1
0.70876
0.927908
0.808916
0.826225
1
1
0.975415
1
0.729952
1
1
1
0.932687
0.722492
1
0.743485
0.969745
0.954653
1
0.810204
1
1
1
0.763663
0.491258
1
1
0.937739
1
0.949314
1
0.927904
1
0.491258
1
1
0.89727
0.762971
0.872259
1
0.491258
1
0.827949
0.965887
0.798845
1
0.946452
1
1
1
0.491258
1
0.797152
1
0.726878
0.969327
1
0.989675
1
1
0.954916
1
0.491258
1
1
0.978493
1
1
0.910155
0.491258
1
0.771369
1
1
1
1
0.705401
0.904914
0.995704
1
1
0.491258
0.491258
1
1
0.750841
0.947165
0.491258
1
1
0.90241
0.491258
1
0.491258
1
1
1
0.803562
1
1
0.491258
1
0.880374
0.837211
1
0.93505
0.778257
1
0.721258
0.491258
1
1
0.491258
1
0.774106
1
1
0.742771
0.957591
1
1
1
1
1
1
1
0.783786
1
0.916405
0.920467
0.491258
1
0.982078
0.707229
1
1
1
0.896715
0.908408
0.89609
1
1
0.977897
1
1
0.887815
0.96737
1
0.847225
1
0.912253
1
1
1
0.984937
1
1
1
0.933201
1
1
0.793936
0.904635
1
0.770094
0.733141
0.806646
0.914469
1
0.831014
0.80465
1
0.796325
0.849715
1
0.816033
0.909381
1
0.896416
0.752511
1
0.849172
1
1
1
1
1
1
1
1
0.973126
0.491258
1
0.816589
1
0.91055
0.978894
1
0.969442
0.765892
1
0.994568
1
1
0.98544
1
0.73381
1
1
0.71654
0.933873
1
0.906443
0.812862
0.824233
0.832904
0.491258
1
0.876011
1
0.940932
0.889671
0.977712
0.896638
1
1
0.954041
1
0.491258
0.932414
0.970625
0.78428
0.844993
1
0.900138
1
1
0.801313
0.897093
1
1
0.956502
0.491258
1
1
0.815458
